TP=52	FP=7
FN=6	TN=35
Sensitivity = 0.897
Specificity = 0.833
TP=[48, 53]	FP=[4, 7]
FN=[5, 10]	TN=[35, 38]
Sensitivity = [0.827586, 0.913793]
Specificity = [0.833333, 0.904762]
TP=48	FP=4
FN=5	TN=35
NP(+)=5	NP(-)=3
Sensitivity = 0.906
Specificity = 0.897
