TP=45	FP=3
FN=13	TN=39
Sensitivity = 0.776
Specificity = 0.929
TP=[43, 53]	FP=[1, 7]
FN=[5, 15]	TN=[35, 41]
Sensitivity = [0.741379, 0.913793]
Specificity = [0.833333, 0.97619]
TP=43	FP=1
FN=5	TN=35
NP(+)=10	NP(-)=6
Sensitivity = 0.896
Specificity = 0.972
