TP=36	FP=18
FN=42	TN=135
Sensitivity = 0.462
Specificity = 0.882
TP=78	FP=153
FN=0	TN=0
NP(+)=0	NP(-)=0
Sensitivity = 1.000
Specificity = 0.000
sigma = 0.000000
tau = 0.000000
