TP=563	FP=673
FN=443	TN=3057
Sensitivity = 0.560
Specificity = 0.820
TP=482	FP=474
FN=345	TN=2818
NP(+)=179	NP(-)=438
Sensitivity = 0.583
Specificity = 0.856
sigma = 0.177932
tau = 0.117426
