~~~~TRUE MODEL~~~~
TP=548	FP=46
FN=58	TN=348
Sensitivity = 0.904
Specificity = 0.883
~~~~BASE MODEL~~~~
TP=548	FP=44
FN=58	TN=350
Sensitivity = 0.904
Specificity = 0.888
~~~~UQ MODEL~~~~
TP=522	FP=31
FN=47	TN=339
NP(+)=37	NP(-)=24
Sensitivity = 0.917
Specificity = 0.916
sigma = 0.061056
tau = 0.060914
