~~~~TRUE MODEL~~~~
TP=5639	FP=376
FN=645	TN=3340
Sensitivity = 0.897
Specificity = 0.899
~~~~BASE MODEL~~~~
TP=6135	FP=1123
FN=149	TN=2593
Sensitivity = 0.976
Specificity = 0.698
~~~~UQ MODEL~~~~
TP=5300	FP=219
FN=383	TN=3111
NP(+)=601	NP(-)=386
Sensitivity = 0.933
Specificity = 0.934
sigma = 0.095640
tau = 0.103875
