TRUE MODEL
TP=194	FP=30
FN=45	TN=231
Sensitivity = 0.812
Specificity = 0.885
DISCARDED DATA MODEL
TP=193	FP=30
FN=46	TN=231
Sensitivity = 0.808
Specificity = 0.885
UQ MODEL
TP=[176, 204]	FP=[19, 51]
FN=[35, 63]	TN=[210, 242]
Sensitivity = [0.736402, 0.853556]
Specificity = [0.804598, 0.927203]
TP=176	FP=19
FN=35	TN=210
NP(+)=28	NP(-)=32
Sensitivity = 0.834
Specificity = 0.917
