TP=115	FP=265
FN=50	TN=1057
Sensitivity = 0.697
Specificity = 0.800
TP=98	FP=173
FN=27	TN=894
NP(+)=40	NP(-)=255
Sensitivity = 0.784
Specificity = 0.838
sigma = 0.242424
tau = 0.192890
