TRUE MODEL
TP=116	FP=237
FN=50	TN=1086
Sensitivity = 0.699
Specificity = 0.821
DISCARDED DATA MODEL
TP=119	FP=269
FN=47	TN=1054
Sensitivity = 0.717
Specificity = 0.797
UQ MODEL
TP=[99, 134]	FP=[166, 340]
FN=[32, 67]	TN=[983, 1157]
Sensitivity = [0.596386, 0.807229]
Specificity = [0.743008, 0.874528]
TP=99	FP=166
FN=32	TN=983
NP(+)=35	NP(-)=174
Sensitivity = 0.756
Specificity = 0.856
