TRUE MODEL
TP=536	FP=1020
FN=224	TN=2518
Sensitivity = 0.705
Specificity = 0.712
DISCARDED DATA MODEL
TP=535	FP=1022
FN=225	TN=2516
Sensitivity = 0.704
Specificity = 0.711
UQ MODEL
TP=[488, 579]	FP=[850, 1174]
FN=[181, 272]	TN=[2364, 2688]
Sensitivity = [0.642105, 0.761842]
Specificity = [0.668174, 0.759751]
TP=488	FP=850
FN=181	TN=2364
NP(+)=91	NP(-)=324
Sensitivity = 0.729
Specificity = 0.736
