~~~~TRUE MODEL~~~~
TP=132	FP=339
FN=35	TN=993
Sensitivity = 0.790
Specificity = 0.745
~~~~BASE MODEL~~~~
TP=133	FP=339
FN=34	TN=993
Sensitivity = 0.796
Specificity = 0.745
~~~~UQ MODEL~~~~
TP=126	FP=315
FN=33	TN=976
NP(+)=8	NP(-)=41
Sensitivity = 0.792
Specificity = 0.756
sigma = 0.047904
tau = 0.030781
